300026 008 172600 172602
300027 014 45021 45023
300038 005 10106 10108
300059 006 498726 498730
300067 010 156628 156633
300087 004 341947 341949
300106 001 175241 175243
300108 006 619863 619865
300436 005 618091 618094
300483 013 543079 543081
300840 008 192203 192206
300901 010 227012 227014
300991 014 271472 271476
300996 014 258659 258662
301016 011 244203 244205
301018 014 29483 29487
301020 009 477821 477823
301071 007 496523 496526
301075 014 32491 32496
301096 013 14179 14181
301213 012 397525 397528
301356 001 232022 232024
301357 010 274913 274916
301476 014 47793 47795
301653 000 16680 16683
301664 003 271621 271623
301708 002 302377 302379
301892 011 627767 627769
301947 007 117179 117181
301988 011 354746 354749
301994 007 24898 24900
302005 003 256960 256963
302895 007 336427 336431
303471 007 161034 161038
303738 012 603064 603066
303767 008 463721 463724
304039 011 475100 475103
304120 013 128453 128460
304928 002 391674 391678
305236 012 437020 437022
305536 010 191180 191182
305564 008 109574 109576
305601 010 614226 614229
305688 006 395204 395207
305960 002 611588 611590
306357 005 134148 134150
306376 005 574382 574384
306756 006 531826 531828
306806 007 612591 612594
307191 010 520745 520747
307210 006 317926 317931
307315 004 9791 9793
307455 011 330551 330553
307468 009 58874 58876
307580 000 528305 528308
307604 008 265979 265981
