300026 8 16017660 0.998142 4453.26 16017662 2.19753 4442.56 10800 1167.75
300027 14 12204228 2.52205 4014.64 12204230 1.97106 4174.7 288080 316.031
300038 5 4920489 1.31352 4373.76 4920491 2.05577 4660.81 79080 1090.73
300059 6 16077508 2.56919 4107.17 16077512 2.17237 4097.96 69420 173.266
300067 10 8186027 1.44742 4457.18 8186032 1.80124 4719.3 109320 313.526
300087 4 5384322 1.53272 2349.34 5384324 1.83222 2194.9 48280 232.79
300106 1 11643758 1.6316 3003.7 11643760 1.80433 3459.25 106780 744.964
300108 6 238473 2.44103 5208.74 238475 1.83335 5162.54 72340 144.417
300436 5 7323906 2.7299 1182.18 7323909 2.0209 633.953 588260 580.159
300483 13 332399 0.957051 3394.13 332401 2.24165 2493.39 102200 1443.8
300840 8 16172306 1.79399 4239.77 16172309 1.91147 4293.87 73920 562.974
300901 10 8076817 3.17219 4721.96 8076819 2.04639 4466.69 59340 716.006
300991 14 13283754 1.17083 4583.29 13283758 2.14812 4863.11 330780 624.245
300996 14 8933258 1.62349 5611.13 8933261 2.26457 5087.32 294160 651.026
301016 11 6319826 2.55293 1861.11 6319828 2.14867 2144.91 132100 359.475
301018 14 9587233 1.89822 4809.74 9587237 2.11096 4611.13 23720 274.716
301020 9 8512433 1.50193 5107.34 8512435 1.96416 4878.46 133820 510.573
301071 7 510346 6.40223 5673.2 510349 2.0857 5653.8 235420 1085.3
301075 14 7643898 3.32304 4257.36 7643903 1.86208 4753.29 425060 998.818
301096 13 15373145 1.02793 3839.07 15373147 2.29969 3965.7 83440 194.494
301213 12 6603410 1.76624 2355.55 6603413 2.02696 2629.39 300560 338.194
301356 1 15094346 2.37127 4101.01 15094348 2.18025 4036.85 15880 254.484
301357 10 13236217 1.03191 1258.03 13236220 2.211 1479.66 39020 242.776
301476 14 3223113 2.60707 4377 3223115 2.12338 4526.82 74480 308.039
301653 0 1814583 6.87691 3942.89 1814586 2.07778 3428.04 187180 516.497
301664 3 3695230 1.18971 4706.62 3695232 2.30919 4585.51 45300 132.72
301708 2 7245924 1.85064 4533.15 7245926 1.96332 4591.35 479340 74.8812
301892 11 7616837 0.949145 2651.9 7616839 2.21006 2401.32 347600 774.535
301947 7 7872258 1.92128 5461.19 7872260 2.11632 5200.14 13620 371.263
301988 11 9445857 2.40264 4072.37 9445860 2.11478 4735.75 9720 854.502
301994 7 10756052 2.37229 5647.18 10756054 2.18707 5299.11 86300 483.829
302005 3 6336779 5.53496 2502.97 6336782 2.24241 2596.44 18480 434.081
302895 7 4803480 2.97453 5392.86 4803484 2.21696 4810.06 579920 960.055
303471 7 1333077 2.21925 3951.47 1333081 1.95036 3879.74 429200 234.371
303738 12 13173840 4.62946 4392.58 13173842 2.15015 3986.64 181100 1025.49
303767 8 14585202 1.06351 3499.63 14585205 2.26816 2705.13 90560 835.017
304039 11 12707480 2.93318 2902.78 12707483 1.99997 3026.55 143300 149.261
304120 13 14539193 5.87827 4493.93 14539200 1.99468 4398.29 267000 298.736
304928 2 11611175 4.45923 4183.53 11611179 2.09205 4024.59 530580 272.793
305236 12 10232334 1.4655 3820.96 10232336 2.09051 3875.66 212660 350.928
305536 10 6599503 1.18635 5420.52 6599505 2.19081 5113.37 464340 375.608
305564 8 5834383 2.9373 4195.18 5834385 2.09075 3918.82 182320 345.155
305601 10 16160926 1.12368 2097.53 16160929 2.27281 1978.12 411460 340.135
305688 6 8780761 1.30396 4370.29 8780764 2.048 4466.73 23200 613.944
305960 2 8656140 1.55741 4898.49 8656142 2.04625 4975.21 300600 306.243
306357 5 8397987 1.38449 1681.28 8397989 2.18891 2042.43 31900 471.214
306376 5 2229033 3.00869 4804.81 2229035 2.22567 4817.14 13740 125.259
306756 6 5389833 2.16934 4280.08 5389835 2.08975 4323.12 210380 294.549
306806 7 4749727 2.40447 3972.72 4749730 2.27012 3029.82 156880 1040.36
307191 10 15357177 1.24214 3850.35 15357179 2.11088 3907.13 82820 266.118
307210 6 13146082 2.13768 2495.73 13146087 2.02189 2843.76 284560 610.474
307315 4 10764972 2.80306 5077.01 10764974 2.30413 5276.76 511540 402.085
307455 11 14047256 2.90104 4263.01 14047258 2.22941 4693.34 84760 496.252
307468 9 3953659 3.48391 4774.19 3953661 2.15972 4552.38 7000 658.188
307580 0 6423278 3.91271 5606.12 6423281 2.21641 5593.09 9960 190.38
307604 8 4791488 2.10029 4023.66 4791490 2.07887 4367.38 5440 535.596
