300026 8 16017660 0.998142 4453.26 16017662 2.19753 4442.56 10800 1167.75
300027 14 12204228 2.52205 4014.64 12204230 1.97106 4174.7 288080 316.031
300038 5 4920489 1.31352 4373.76 4920491 2.05577 4660.81 79080 1090.73
300043 11 5030414 2.89422 2337.4 5030424 2.17599 1611.03 4600 1336.34
300043 11 5030420 0.934016 998.787 5030424 2.17599 1611.03 1840 1483.43
300057 0 10078863 3.3284 2068.48 10078871 1.97084 1948.28 3680 898.151
300059 6 16077508 2.56919 4107.17 16077512 2.17237 4097.96 69420 173.266
300067 10 8186027 1.44742 4457.18 8186032 1.80124 4719.3 109320 313.526
300072 4 466928 1.97757 1070.29 466951 1.86936 1310.68 354560 1373.61
300072 4 466947 1.93382 1744.49 466949 1.85086 1618.02 154400 569.281
300072 4 466949 1.85086 1618.02 466951 1.86936 1310.68 176280 365.294
300087 4 5384322 1.53272 2349.34 5384324 1.83222 2194.9 48280 232.79
300106 1 11643758 1.6316 3003.7 11643760 1.80433 3459.25 106780 744.964
300108 6 238473 2.44103 5208.74 238475 1.83335 5162.54 72340 144.417
300407 7 14009137 1.92482 4377.34 14009142 2.06715 4198.68 225260 645.443
300436 5 7323906 2.7299 1182.18 7323909 2.0209 633.953 588260 580.159
300442 8 13728122 2.02731 4678.78 13728126 1.8988 4750.21 228380 759.947
300475 12 9838937 3.5778 607.573 9838946 2.32377 660.106 4140 462.473
300475 12 9838943 1.31201 957.964 9838946 2.32377 660.106 1380 1274.22
300475 12 9838944 1.75412 1307.12 9838946 2.32377 660.106 920 1469.05
300475 12 9838946 2.32377 660.106 9838947 2.04561 840.882 460 1459.06
300483 13 332399 0.957051 3394.13 332401 2.24165 2493.39 102200 1443.8
300825 7 11370146 0.980062 1729.91 11370154 1.90114 1151.6 3680 1004.08
300825 7 11370151 1.62789 988.339 11370153 2.23123 1939.82 920 1080.67
300840 8 16172306 1.79399 4239.77 16172309 1.91147 4293.87 73920 562.974
300901 10 8076817 3.17219 4721.96 8076819 2.04639 4466.69 59340 716.006
300954 8 5595089 6.91403 1314.18 5595098 2.23166 1350.38 4140 948.246
300954 8 5595090 2.77458 579.672 5595098 2.23166 1350.38 3680 1404.02
300991 14 13283754 1.17083 4583.29 13283758 2.14812 4863.11 330780 624.245
300996 14 8933258 1.62349 5611.13 8933261 2.26457 5087.32 294160 651.026
301016 11 6319826 2.55293 1861.11 6319828 2.14867 2144.91 132100 359.475
301018 14 9587233 1.89822 4809.74 9587237 2.11096 4611.13 23720 274.716
301020 9 8512433 1.50193 5107.34 8512435 1.96416 4878.46 133820 510.573
301071 7 510346 6.40223 5673.2 510349 2.0857 5653.8 235420 1085.3
301075 14 7643898 3.32304 4257.36 7643903 1.86208 4753.29 425060 998.818
301080 0 11541500 1.22214 3153.47 11541523 2.01655 4068.5 156540 1424.2
301080 0 11541518 1.95705 5410.69 11541523 2.01655 4068.5 103200 1478.73
301080 0 11541521 1.70756 5042.8 11541523 2.01655 4068.5 78900 1088.17
301080 0 11541523 2.01655 4068.5 11541525 1.85826 3257.86 83160 1115.41
301096 13 15373145 1.02793 3839.07 15373147 2.29969 3965.7 83440 194.494
301213 12 6603410 1.76624 2355.55 6603413 2.02696 2629.39 300560 338.194
301272 14 12066540 1.86161 4951.19 12066542 1.92514 5018.72 59140 149.472
301304 5 8019504 1.97533 4012.93 8019507 2.23485 3454.99 76560 1348.74
301327 0 9640841 6.61202 1810.56 9640850 1.87192 1039.21 4140 1269.34
301327 0 9640843 1.50784 1072.66 9640850 1.87192 1039.21 3220 984.565
301327 0 9640848 1.14361 2017.79 9640850 1.87192 1039.21 920 1268.8
301327 0 9640850 1.87192 1039.21 9640851 2.24797 449.183 460 1225.58
301356 1 15094346 2.37127 4101.01 15094348 2.18025 4036.85 15880 254.484
301357 10 13236217 1.03191 1258.03 13236220 2.211 1479.66 39020 242.776
301395 5 59541 1.9057 5446.87 59543 1.83793 5358.45 118560 780.032
301430 0 12026001 1.65814 769.351 12026009 2.24736 1222.69 3680 1154.8
301430 0 12026002 0.900344 531.998 12026009 2.24736 1222.69 3220 992.229
301442 3 6047670 1.02068 2132.28 6047676 2.08232 1457.44 2760 1184.91
301476 14 3223113 2.60707 4377 3223115 2.12338 4526.82 74480 308.039
301653 0 1814583 6.87691 3942.89 1814586 2.07778 3428.04 187180 516.497
301655 1 4372220 3.44477 1320.75 4372228 2.06322 761.534 3680 1277.77
301655 1 4372222 0.959677 728.728 4372228 2.06322 761.534 2760 1422.81
301664 3 3695230 1.18971 4706.62 3695232 2.30919 4585.51 45300 132.72
301708 2 7245924 1.85064 4533.15 7245926 1.96332 4591.35 479340 74.8812
301732 3 9216860 2.14329 4284.99 9216864 2.02943 4171.15 69820 1343.97
301732 3 9216862 1.95715 4638.74 9216864 2.02943 4171.15 31660 1102.87
301732 3 9216864 2.02943 4171.15 9216870 2.03332 4297.76 289520 521.343
301772 11 7028475 4.92088 437.575 7028485 1.89436 1500.77 4580 1380.74
301772 11 7028476 2.84471 1347.41 7028485 1.89436 1500.77 4120 1363.29
301772 11 7028485 1.89436 1500.77 7028503 2.26072 1623.9 338680 1063.81
301772 11 7028499 1.85947 2685 7028501 2.11825 1974.48 90080 769.881
301772 11 7028501 2.11825 1974.48 7028503 2.26072 1623.9 153420 989.952
301820 4 16629293 2.15354 5481.48 16629297 1.90126 5003.5 52100 540.633
301820 4 16629295 1.91406 5532.5 16629301 2.12522 5531.33 131680 480.719
301892 11 7616837 0.949145 2651.9 7616839 2.21006 2401.32 347600 774.535
301947 7 7872258 1.92128 5461.19 7872260 2.11632 5200.14 13620 371.263
301971 11 6053720 1.8743 5629.38 6053722 2.04732 5677.22 25720 999.913
301985 6 12674742 2.12552 3405.73 12674743 2.14408 2720.61 460 895.468
301988 7 6868416 1.76624 1054.56 6868417 2.05103 1139.49 460 1200.61
301988 11 9445857 2.40264 4072.37 9445860 2.11478 4735.75 9720 854.502
301994 7 10756052 2.37229 5647.18 10756054 2.18707 5299.11 86300 483.829
302005 3 6336779 5.53496 2502.97 6336782 2.24241 2596.44 18480 434.081
302047 8 5263308 2.21499 1387.11 5263310 1.96361 2080.59 920 993.531
302895 7 4803480 2.97453 5392.86 4803484 2.21696 4810.06 579920 960.055
303081 4 12376925 6.27318 405.21 12376935 2.05536 1037.74 4580 974.592
303081 4 12376934 2.12557 1206.91 12376936 1.91002 1554.51 920 1368.16
303139 6 9445081 1.54698 3116.95 9445088 1.87158 1883.62 3220 1312.09
303139 6 9445087 1.45619 2441.3 9445088 1.87158 1883.62 460 1390.93
303233 5 7219262 3.08345 2390.7 7219272 1.83834 3329.2 4600 1287.81
303233 5 7219270 1.89006 501.329 7219271 2.05922 1402.43 460 1261.77
303471 7 1333077 2.21925 3951.47 1333081 1.95036 3879.74 429200 234.371
303738 12 13173840 4.62946 4392.58 13173842 2.15015 3986.64 181100 1025.49
303767 8 14585202 1.06351 3499.63 14585205 2.26816 2705.13 90560 835.017
303878 4 3877786 1.7539 5232.12 3877795 1.94227 5297.63 369140 467.184
303878 4 3877792 1.78488 5137.29 3877795 1.94227 5297.63 271640 639.965
304017 7 16625259 3.04214 1101.69 16625267 1.9063 764.462 3660 891.515
304028 3 10887895 1.51975 4788.8 10887898 2.07732 5260.71 46100 634.175
304039 11 12707480 2.93318 2902.78 12707483 1.99997 3026.55 143300 149.261
304104 1 4136018 2.07935 3308.99 4136021 2.05704 3932.93 3240 1022.19
304104 1 4136021 2.05704 3932.93 4136034 1.86089 2658.03 735100 1358.83
304104 1 4136023 1.71095 3416.61 4136034 1.86089 2658.03 709240 869.409
304104 1 4136025 1.72638 2159.25 4136027 1.9481 1915.35 45620 404.489
304104 1 4136027 1.9481 1915.35 4136029 2.09318 1432.44 7940 1206.58
304104 1 4136032 1.84925 2168.91 4136034 1.86089 2658.03 452880 1266.85
304120 13 14539193 5.87827 4493.93 14539200 1.99468 4398.29 267000 298.736
304157 1 1626048 0.94791 1604.32 1626055 2.00359 1107.27 3200 1127.99
304846 0 678559 1.27663 2910.73 678578 1.87842 4214.93 48380 1383.12
304846 0 678578 1.87842 4214.93 678580 1.86391 3887.27 347060 902.241
304878 4 65759 6.6245 3234.72 65780 1.92683 2469.61 135580 1424.5
304878 4 65770 1.28101 3111.96 65780 1.92683 2469.61 130560 1056.05
304928 2 11611175 4.45923 4183.53 11611179 2.09205 4024.59 530580 272.793
304929 12 10095724 7.49861 1347.82 10095735 2.21698 1436.41 5040 1395.33
304929 12 10095725 3.52592 683.473 10095733 1.90991 1646.62 3660 1265.61
304929 12 10095733 1.90991 1646.62 10095735 2.21698 1436.41 920 1188.65
304929 12 10095734 2.29537 596.588 10095735 2.21698 1436.41 460 1245.68
305197 0 6014380 7.95435 923.36 6014389 2.19566 782.578 4140 914.618
305197 0 6014381 3.50006 744.428 6014389 2.19566 782.578 3680 1314.14
305197 0 6014388 1.60335 987.854 6014389 2.19566 782.578 460 1282.28
305216 10 15262628 6.31699 689.485 15262638 2.1141 1230.07 4580 982.465
305216 10 15262637 1.65485 2500.24 15262638 2.1141 1230.07 460 1437.7
305236 12 10232334 1.4655 3820.96 10232336 2.09051 3875.66 212660 350.928
305528 1 9389764 0.901238 3588.62 9389767 1.80347 2451.97 1380 1475.45
305536 10 6599503 1.18635 5420.52 6599505 2.19081 5113.37 464340 375.608
305555 11 2032348 6.66289 1753.03 2032357 1.97504 1528.17 4140 356.443
305555 11 2032355 1.34437 781.953 2032357 1.97504 1528.17 920 1491.25
305555 11 2032356 1.64223 1188.24 2032357 1.97504 1528.17 460 889.839
305564 8 5834383 2.9373 4195.18 5834385 2.09075 3918.82 182320 345.155
305601 10 16160926 1.12368 2097.53 16160929 2.27281 1978.12 411460 340.135
305603 8 14592853 1.5165 591.963 14592860 1.91303 754.712 3200 410.361
305665 10 15419458 0.957569 5682.83 15419462 2.19551 4533.9 279480 1381.66
305688 6 8780761 1.30396 4370.29 8780764 2.048 4466.73 23200 613.944
305960 2 8656140 1.55741 4898.49 8656142 2.04625 4975.21 300600 306.243
305961 11 5800659 2.94072 1894.28 5800669 1.82513 1045.31 4600 981.006
305961 11 5800665 1.27019 1037.12 5800669 1.82513 1045.31 1840 330.778
305987 2 2113593 2.68828 1656.53 2113603 1.9241 1097.31 4600 1228.39
306357 5 8397987 1.38449 1681.28 8397989 2.18891 2042.43 31900 471.214
306376 5 2229033 3.00869 4804.81 2229035 2.22567 4817.14 13740 125.259
306398 8 5941764 1.63474 688.159 5941771 2.14477 1182.35 3220 1221.12
306458 11 15919157 2.26849 1952.81 15919158 1.94445 2192.91 460 379.859
306756 6 5389833 2.16934 4280.08 5389835 2.08975 4323.12 210380 294.549
306806 7 4749727 2.40447 3972.72 4749730 2.27012 3029.82 156880 1040.36
306809 11 15462546 2.34126 2887.98 15462560 2.19671 2606.08 36320 1071.43
306866 8 6340688 1.8522 5415.26 6340690 1.99639 5348.59 77560 116.763
306866 8 6340690 1.99639 5348.59 6340696 1.88271 5286.45 191420 302.742
306866 8 6340692 1.80464 3743.68 6340702 1.95561 4793.04 479020 1185.32
306866 8 6340696 1.88271 5286.45 6340702 1.95561 4793.04 294000 1159.66
306866 8 6340702 1.95561 4793.04 6340704 2.15136 4234.53 244440 1149.94
307191 10 15357177 1.24214 3850.35 15357179 2.11088 3907.13 82820 266.118
307210 6 13146082 2.13768 2495.73 13146087 2.02189 2843.76 284560 610.474
307222 13 16629048 2.08627 5398 16629051 2.06787 4997.46 25540 947.212
307315 4 10764972 2.80306 5077.01 10764974 2.30413 5276.76 511540 402.085
307455 11 14047256 2.90104 4263.01 14047258 2.22941 4693.34 84760 496.252
307468 9 3953659 3.48391 4774.19 3953661 2.15972 4552.38 7000 658.188
307580 0 6423278 3.91271 5606.12 6423281 2.21641 5593.09 9960 190.38
307604 8 4791488 2.10029 4023.66 4791490 2.07887 4367.38 5440 535.596
