300000 11 11889593 6.24132 2112.64 11889602 1.94806 1965.94 4120 1327.56
300000 11 11889594 3.01261 1810.05 11889604 1.89166 1072.98 4580 1479.96
300000 11 11889595 1.4911 2121.35 11889603 2.06785 2643.28 3660 1284.01
300000 11 11889601 1.5319 1069.84 11889604 1.89166 1072.98 1380 57.8189
300003 9 4999874 2.89038 1601.75 4999882 1.97387 1344 3660 1482.98
300003 9 4999875 1.50567 1136.18 4999882 1.97387 1344 3200 888.994
300003 9 4999880 1.06357 2473.15 4999882 1.97387 1344 920 1214.28
300003 9 4999881 1.52225 1569.48 4999883 2.14639 2444.43 920 1470.45
300004 9 14240225 1.54408 1474.85 14240234 1.88587 503.742 4120 1445.4
300004 9 14240226 1.04395 898.055 14240234 1.88587 503.742 3660 931.302
300005 6 4618449 1.71971 1288.26 4618450 1.92634 437.549 460 1104.24
300006 11 610832 3.18985 547.599 610841 2.30377 1189.94 4140 1346.24
300012 7 3238909 1.39198 1286.27 3238912 2.05242 1955.33 1380 1335.35
300018 14 12571339 2.99487 1821.53 12571347 1.99983 2631.51 3660 1195.06
300018 14 12571346 1.47608 3701.12 12571348 1.96922 3193.81 920 1344.54
300020 0 5979725 1.18071 1638.28 5979727 1.9172 2069.02 920 1339.48
300020 0 5979727 1.9172 2069.02 5979729 1.89218 1765.38 920 1489.25
300023 6 4064939 6.7754 1496.77 4064948 1.93185 986.174 4140 639.25
300023 6 4064942 0.916421 1213.81 4064950 1.81425 1233.67 3680 1456.4
300023 14 8818812 4.85806 1944.7 8818813 2.37983 1368.82 460 862.712
300026 8 16017660 0.998142 4453.26 16017662 2.19753 4442.56 10800 1167.75
300027 14 12204228 2.52205 4014.64 12204230 1.97106 4174.7 288080 316.031
300028 7 617041 1.67569 399.269 617044 2.11058 1006.76 1380 881.713
300028 7 617043 2.42666 1424.46 617044 2.11058 1006.76 460 724.568
300033 14 1162470 7.34803 1323.17 1162479 2.09484 1728.88 4120 703.55
300036 14 9069099 1.49662 1220.48 9069106 2.02661 594.943 3220 1457.49
300036 14 9069103 0.990741 945.755 9069106 2.02661 594.943 1380 1208.99
300036 14 9069105 1.54424 1572.93 9069106 2.02661 594.943 460 1337.18
300037 4 12191456 2.80462 1686.55 12191465 1.9595 2416.43 4120 1004.2
300038 5 4920489 1.31352 4373.76 4920491 2.05577 4660.81 79080 1090.73
300043 11 5030420 0.934016 998.787 5030424 2.17599 1611.03 1840 1483.43
300046 3 11130181 3.12905 1087.27 11130191 2.05473 1277.69 4600 753.911
300046 3 11130188 1.54852 1942.28 11130191 2.05473 1277.69 1380 1033.07
300046 14 1030296 1.54891 2276.13 1030304 1.95953 2670.58 3660 1373.76
300047 3 3208854 0.936809 1117.4 3208861 1.97189 2194.1 3220 1476.72
300048 3 12923133 2.22557 5197.87 12923136 2.17748 4591.65 772080 703.069
300048 12 1942892 2.79022 3294.5 1942901 2.08145 2763.27 4140 1193.57
300050 0 12376762 6.25254 3815.01 12376771 1.89522 3840.26 4120 1266.59
300053 4 9369367 3.13283 535.456 9369377 1.94436 987.148 4580 720.537
300056 2 2534527 1.1503 1385.16 2534531 2.00482 1392.86 1840 1169.8
300057 0 10078863 3.3284 2068.48 10078871 1.97084 1948.28 3680 898.151
300057 11 600674 1.44028 2396.29 600675 1.9247 1845.26 460 1130.2
300059 2 13436093 1.91018 2400.55 13436095 1.99696 3128.91 920 1359.37
300059 3 13744362 1.31057 2168.98 13744369 1.80391 2169.71 3200 1199.02
300059 6 16077508 2.56919 4107.17 16077512 2.17237 4097.96 69420 173.266
300060 12 12173900 1.45243 2390.18 12173907 1.84441 3765.54 3220 1419.41
300062 10 12881564 1.19112 3689.52 12881604 2.02454 2865.35 730460 846.847
300062 10 12881570 1.49162 1228.32 12881572 2.30176 914.489 920 1061.67
300062 10 12881574 1.35925 2263.48 12881604 2.02454 2865.35 725860 1362.31
300067 10 8186027 1.44742 4457.18 8186032 1.80124 4719.3 109320 313.526
300069 3 5798941 6.65005 1989.89 5798951 2.25078 1561.76 4600 885.01
300072 4 466928 1.97757 1070.29 466951 1.86936 1310.68 354560 1373.61
300072 4 466947 1.93382 1744.49 466949 1.85086 1618.02 154400 569.281
300072 4 466949 1.85086 1618.02 466951 1.86936 1310.68 176280 365.294
300080 12 12907858 1.18528 1813.4 12907862 1.89611 890.075 1840 1186.51
300080 12 12907861 2.31059 1527.48 12907862 1.89611 890.075 460 955.51
300082 6 10574810 2.73499 1272.13 10574819 1.9614 427.185 4140 1169.42
300082 6 10574817 1.37335 1724.36 10574819 1.9614 427.185 920 1423.06
300082 6 10574818 1.58536 874.514 10574819 1.9614 427.185 460 1096.43
300083 2 453465 5.76996 2133.03 453475 2.03543 1346.21 4600 1226.83
300083 2 453466 2.8122 1516.68 453474 1.81175 2399.11 3680 1347.31
300087 4 5384322 1.53272 2349.34 5384324 1.83222 2194.9 48280 232.79
300090 12 4910857 1.25453 871.147 4910865 1.88374 217.728 3680 859.278
300095 2 11260062 3.89877 2192.52 11260063 2.23771 1434.69 460 758.579
300099 14 5362647 1.57753 491.534 5362656 1.88424 315.914 4120 454.919
300100 13 13953502 2.70078 2999.62 13953511 1.81532 3639.4 4140 1204.68
300100 13 13953509 1.40058 3638.24 13953511 1.81532 3639.4 920 1176.33
300106 1 11643758 1.6316 3003.7 11643760 1.80433 3459.25 106780 744.964
300108 6 238473 2.44103 5208.74 238475 1.83335 5162.54 72340 144.417
300108 12 3738389 2.93866 1003.9 3738397 1.85161 1631.78 3640 656.869
300108 12 3738391 1.2081 267.066 3738397 1.85161 1631.78 2720 1458.22
300110 0 14444692 0.988711 880.775 14444696 1.91273 1898.62 1840 1375.1
300113 2 10158112 3.03952 1349.79 10158121 1.99321 2007.97 4140 1246.28
300116 14 11904546 3.02954 1640.21 11904556 1.80326 749.354 4600 1167.93
300116 14 11904547 1.48292 1314.15 11904556 1.80326 749.354 4140 1218.99
300116 14 11904550 0.947675 872.81 11904556 1.80326 749.354 2760 346.31
300116 14 11904553 1.5663 1779.39 11904554 1.88513 1728.4 460 472.464
300116 14 11904554 1.88513 1728.4 11904555 2.11276 1052.46 460 914.606
300125 8 7482076 7.4573 1314.48 7482087 2.04798 1322.75 5060 900.327
300128 5 209005 5.63144 1096.67 209015 1.87661 1250.84 4560 1006.6
300128 5 209007 1.34732 1062.53 209015 1.87661 1250.84 3640 1274.01
300150 11 4920864 1.42332 2195.26 4920872 2.30644 1390.37 3680 1306.42
300150 11 4920870 1.62211 1008.01 4920873 1.86971 918.604 1380 1302.57
300150 11 4920872 2.30644 1390.37 4920873 1.86971 918.604 460 1108.72
300151 5 10291205 0.991472 1848.21 10291212 2.08487 2018.31 3220 467.11
300154 6 5124410 3.34139 576.559 5124418 1.90165 851.799 3680 1185.44
300154 6 5124418 1.90165 851.799 5124419 2.20241 2267.37 460 1489.35
300155 7 14831321 2.85455 1217.74 14831331 1.8187 1297.04 4600 918.977
300160 3 8107279 2.95811 1976.76 8107289 1.98939 2581.14 4600 780.991
300161 0 15682235 5.87045 736.498 15682244 1.88528 656.41 4140 381.908
300161 7 3265460 1.35356 3150.72 3265467 1.92838 3279.17 3220 788.74
300161 12 6402419 1.34223 1805.53 6402427 2.19631 1963.04 3680 1311.01
300161 12 6402429 1.47256 2441.63 6402461 1.83904 2838.4 63020 1116.76
300407 7 14009137 1.92482 4377.34 14009142 2.06715 4198.68 225260 645.443
300413 12 7857900 1.05033 1496.82 7857903 1.90968 1940.63 1380 1004.57
300414 4 12022949 1.57564 963.236 12022956 1.97715 1801.35 3220 1272.52
300416 1 11635227 0.984545 1013.86 11635234 1.86586 408.273 3220 936.531
300416 9 100561 1.00488 2285.05 100568 1.96553 2339.87 3200 726.873
300417 0 3727581 1.05783 2008.09 3727583 1.8451 1494.76 920 1049.46
300417 6 7545118 2.00139 1277.43 7545119 2.36737 1398.85 460 933.118
300428 8 9438436 1.5485 2182.54 9438437 1.96643 1094.7 460 1171.78
300435 9 496308 2.95224 2474.17 496317 2.23398 2204.47 4140 1137.96
300435 9 496314 1.18964 2791.48 496317 2.23398 2204.47 1380 679.569
300436 5 7323906 2.7299 1182.18 7323909 2.0209 633.953 588260 580.159
300438 11 12683176 0.902482 1327.37 12683184 2.18733 947.214 3660 803.534
300439 0 14654529 1.92428 1041.53 14654530 2.11099 1469.29 460 1416.68
300440 13 15409348 0.975217 768.541 15409354 1.82174 1462.95 2740 958.687
300440 13 15409351 0.963734 1187.1 15409354 1.82174 1462.95 1380 1036.51
300440 13 15409353 1.56245 2180.78 15409355 2.05102 3136.64 920 1071.34
300442 0 8907618 1.45139 3373.36 8907620 2.15592 2427.45 920 1373.86
300442 3 11030190 1.087 2480.46 11030192 1.84014 2604.27 920 952.329
300442 8 13728122 2.02731 4678.78 13728126 1.8988 4750.21 228380 759.947
300456 10 9699158 2.96229 2674.75 9699166 1.93596 2822.22 3680 1259.56
300456 10 9699165 1.42981 1047.56 9699168 1.86782 669.417 1380 1304.09
300464 6 5886973 3.04364 2833.28 5886983 1.81115 3657.22 4600 956.972
300464 9 7673977 2.60325 629.505 7673978 2.0339 861.34 460 837.399
300475 12 9838937 3.5778 607.573 9838946 2.32377 660.106 4140 462.473
300475 12 9838943 1.31201 957.964 9838946 2.32377 660.106 1380 1274.22
300475 12 9838944 1.75412 1307.12 9838946 2.32377 660.106 920 1469.05
300475 12 9838946 2.32377 660.106 9838947 2.04561 840.882 460 1459.06
300480 10 3918008 6.80766 2725.09 3918019 1.90258 3122.12 5040 1122.21
300480 10 3918015 1.19432 3035.46 3918018 2.27246 3890.14 1380 1004.98
300483 13 332399 0.957051 3394.13 332401 2.24165 2493.39 102200 1443.8
300485 0 10429587 1.63256 966.507 10429588 2.1229 1552.85 460 802.948
300485 4 12931718 0.907789 1994.98 12931722 2.26215 1879.3 1840 315.434
300486 12 10443730 6.24909 1538.04 10443740 2.21341 1781.23 4580 1014.73
300487 8 144279 3.06589 1364.09 144288 2.06255 1343.82 4140 1497.58
300503 9 6185959 2.81897 663.565 6185968 2.21637 1483.49 4120 1059.4
300504 6 13193181 3.16709 378.762 13193189 1.87759 1485.92 3660 1413.42
300504 6 13193189 1.87759 1485.92 13193190 2.1149 2629.38 460 1418.28
300505 9 7941580 1.13305 3969.13 7941583 2.06156 3263.38 1380 1410.1
300505 10 8181357 1.02541 3934.91 8181360 2.00857 3028.68 1380 1034.35
300505 10 8181359 1.68544 2177.52 8181360 2.00857 3028.68 460 1205.3
300735 6 6475909 2.8848 3388.46 6475918 2.21512 3263.83 4140 1499.33
300738 10 3326036 3.08132 956.421 3326044 1.94402 1383.61 3680 1159.99
300738 10 3326042 1.23385 824.203 3326044 1.94402 1383.61 920 1248.05
300739 4 8665772 6.51081 1558.37 8665781 1.96558 1632.87 4120 955.891
300739 4 8665780 1.65535 231.44 8665782 2.10798 1047.12 920 905.926
300739 4 8665781 1.96558 1632.87 8665782 2.10798 1047.12 460 1070.6
300739 10 12265374 2.86699 1245.51 12265383 2.18304 545.951 4140 723.126
300744 12 9707767 3.06821 1166.25 9707775 2.34967 1100.48 3680 412.603
300744 12 9707774 1.50553 1291.46 9707776 2.29978 1935.7 920 1394.68
300772 9 6271013 1.47348 1459.25 6271015 2.03552 1195.82 920 1136.23
300814 6 10353939 2.83136 1232.88 10353949 1.84589 766.758 4600 1228.21
300815 2 635716 1.64556 1090.86 635723 1.82464 1652.15 3200 1107.65
300825 4 9829387 4.86435 931.912 9829397 1.83005 1729.5 4600 1019.59
300825 7 11370146 0.980062 1729.91 11370154 1.90114 1151.6 3680 1004.08
300825 7 11370151 1.62789 988.339 11370153 2.23123 1939.82 920 1080.67
300825 12 14709076 1.05832 804.208 14709082 1.88102 750.274 2760 993.75
300827 4 11514657 1.11808 900.676 11514660 2.1787 1345.38 1380 1471.22
300828 13 9411760 2.81559 1465.55 9411769 2.33034 791.488 4140 924.479
300828 13 9411761 1.4887 1003.43 9411769 2.33034 791.488 3680 1017.25
300829 0 10485911 1.32423 3258.21 10485918 1.88914 3493.83 3220 1219.66
300840 1 12087406 1.45799 1727.57 12087413 1.87938 1658.27 3220 612.575
300840 1 12087409 0.923795 904.208 12087413 1.87938 1658.27 1840 891.801
300840 8 16172306 1.79399 4239.77 16172309 1.91147 4293.87 73920 562.974
300844 2 15563751 5.64189 1088.25 15563761 1.82922 1392.3 4600 793.91
300844 2 15563754 0.99208 2011.15 15563761 1.82922 1392.3 3220 1461.37
300845 3 8579855 1.93864 1419.91 8579856 2.17866 1785.27 460 660.045
300853 9 2347321 0.911902 1300.42 2347327 2.38449 1123.66 2760 455.411
300853 9 2347325 1.68938 838.754 2347327 2.38449 1123.66 920 1345.86
300853 9 2347326 2.13893 1956.41 2347327 2.38449 1123.66 460 1499.18
300856 11 14548516 1.4858 977.567 14548518 2.07559 1261 920 1096.3
300858 6 12835376 1.51665 1406.64 12835377 2.10322 1787.11 460 512.464
300858 10 15325809 0.931677 1482.93 15325814 2.19541 1487.45 2300 1175.21
300858 10 15325810 1.24793 1496.79 15325811 1.80813 1282.24 460 1068.86
300858 10 15325811 1.80813 1282.24 15325812 2.04236 1149.02 460 1023.71
300858 11 15958169 0.973188 4209.71 15958172 1.80192 4814.12 1380 1335.79
300859 3 3497289 6.33751 1894.07 3497298 1.84418 1972.6 4140 99.3966
300862 13 3717125 3.69449 851.968 3717135 2.1524 603.303 4600 1379.6
300869 1 10118906 0.905517 1259.28 10118912 2.05156 1349.95 2760 1074.22
300869 1 10118913 2.45816 1064.08 10118914 1.96817 603.116 460 1282.1
300870 4 4496744 3.15609 1781.5 4496754 1.80967 1315.43 4580 653.912
300871 3 12982013 1.66938 450.393 12982015 2.21098 938.299 920 902.45
300877 8 4669883 0.935838 1153.89 4669886 1.9569 1794.93 1380 1461.81
300880 5 13121861 1.49066 2686.67 13121870 1.97492 2406.84 4140 649.945
300882 5 15172562 1.01158 3287.92 15172568 2.0918 2591.31 2740 1477.91
300899 3 2094265 1.08917 2876.52 2094269 1.98951 2259.33 1840 925.021
300900 13 751692 2.95148 438.099 751700 2.01269 1566.4 3680 1499.22
300900 13 751698 1.24247 1641.81 751701 2.09827 634.941 1380 1388.28
300901 7 6482518 6.6027 647.514 6482527 2.00606 1024.97 4120 1246.53
300901 7 6482520 1.44716 2563.74 6482528 2.1599 2485.98 3660 981.509
300901 7 6482525 1.16879 1473.48 6482527 2.00606 1024.97 920 1402.91
300901 10 8076817 3.17219 4721.96 8076819 2.04639 4466.69 59340 716.006
300902 3 13122285 7.23847 665.55 13122294 2.22325 1045.48 4140 861.027
300902 3 13122291 0.962979 898.757 13122294 2.22325 1045.48 1380 532.411
300902 3 13122293 1.6999 1249.82 13122294 2.22325 1045.48 460 1486.01
300902 3 13122294 2.22325 1045.48 13122295 2.24719 1191.26 460 778.04
300902 3 13122295 2.24719 1191.26 13122296 2.00295 1517.13 460 1165.95
300902 14 3223969 3.22855 1246.61 3223977 1.92746 1504.51 3680 849.391
300903 10 9545166 5.85823 335.564 9545176 2.06313 1204.95 4600 1379.68
300905 13 13187069 0.99569 2480.9 13187072 1.81023 1165.66 1380 1346.48
300905 13 13187071 1.7418 1466.81 13187072 1.81023 1165.66 460 822.446
300910 2 2412044 1.05764 3049.13 2412046 1.93264 2793.98 920 387.091
300913 8 16415916 3.16719 627.283 16415926 1.97849 1568.65 4580 1457.2
300916 3 2229096 2.87405 801.787 2229105 2.18271 817.866 4140 1420.79
300917 13 898665 3.38962 2003.4 898675 2.01792 1056.39 4600 1306.74
300917 13 898666 1.50102 1069.43 898675 2.01792 1056.39 4140 443.314
300917 13 898667 1.03511 981.827 898675 2.01792 1056.39 3680 543.46
300917 13 898671 1.27872 1511.32 898675 2.01792 1056.39 1840 1199.88
300929 0 3623666 0.902951 1663.71 3623672 2.10818 1994.6 2760 1426.28
300929 0 3623670 1.58277 1633.68 3623671 1.81188 1635.91 460 1266.55
300932 0 15081831 1.72823 1615.31 15081832 1.90707 575.891 460 1311.39
300933 4 10136428 1.46305 1152.26 10136436 2.25327 517.233 3680 994.874
300943 1 742790 1.57299 2123.29 742791 2.01853 1705.19 460 561.256
300943 11 7148401 6.92142 970.401 7148410 2.14771 1587.66 4120 1411.74
300945 3 3737391 0.970464 1547.06 3737396 1.92228 846.357 2300 813.577
300948 11 3111841 3.08614 1009.22 3111849 1.84926 1976.26 3660 1200.34
300954 8 5595089 6.91403 1314.18 5595098 2.23166 1350.38 4140 948.246
300954 8 5595090 2.77458 579.672 5595098 2.23166 1350.38 3680 1404.02
300991 14 13283754 1.17083 4583.29 13283758 2.14812 4863.11 330780 624.245
300996 1 925966 1.82948 1883.04 925967 2.06824 2354.78 460 801.942
300996 14 8933258 1.62349 5611.13 8933261 2.26457 5087.32 294160 651.026
300997 1 10009931 3.16064 456.538 10009940 2.22815 1725.61 4140 1434.59
