300000 1 133439 0 5417136 0 4747 6731054417279
300000 1 618451 0 5902156 0 2555 6740555540210
300000 3 398337 0 6932786 0 2846 6760692308302
300000 4 16947 0 7176595 0 4722 6765462674370
300000 4 306027 0 7465679 0 2725 6771118176660
300000 5 193138 0 7977884 0 2522 6781120378491
300000 5 523700 0 8308451 0 3665 6787579445076
300000 6 332266 0 8742420 0 3335 6796058175234
300000 7 37641 0 9073076 0 3444 6802542028146
300000 8 18128 0 9678802 0 2563 6814382724220
300000 8 327277 0 9987956 0 4720 6820443984823
300000 9 396644 0 10682616 0 8552 6834020891201
300000 10 482575 0 11393464 0 2624 6847933818861
300000 11 11955 0 11548725 0 5807 6850978093842
300000 11 352816 0 11889591 0 8383 6857628587874
300000 13 587902 0 13376240 0 5305 6886710807444
300001 1 49305 0 14548622 0 3021 6908658941372
300001 1 246691 0 14746012 0 4380 6912523958167
300001 2 68574 0 15193232 0 2514 6921264102097
300001 2 435954 0 15560618 0 8202 6928445243154
300001 3 54372 0 15805124 0 2626 6933225317525
300001 3 398510 0 16149267 0 5472 6939972794107
300001 4 145718 0 16522580 0 3031 6947272726920
300001 5 386679 0 677275 0 3064 6964195211932
300001 6 178414 0 1095060 0 4318 6972390672189
300001 7 195576 0 1738044 0 2543 6984948407441
300001 7 399504 0 1941975 0 4271 6988943432688
300001 8 109539 0 2277848 0 3019 6995517759977
300001 8 475666 0 2643981 0 4555 7002679110825
300001 9 255783 0 3050330 0 2995 7010648678190
300001 10 600903 0 4021773 0 2668 7029611236263
300001 11 443204 0 4489855 0 5314 7038735756000
300001 11 541712 0 4588365 0 2932 7040653522622
300001 13 226409 0 5524955 0 2754 7058981948310
300002 0 277153 0 6693493 0 4746 7081787296257
300002 1 413670 0 7455877 0 2792 7096635013971
300002 1 529910 0 7572119 0 3433 7098898581985
300002 3 619068 0 8913177 0 2659 7125069634073
300002 4 156836 0 9076878 0 4849 7128270353529
300002 4 416793 0 9336839 0 2508 7133342299517
300002 5 410768 0 9956323 0 3733 7145444721970
300002 6 53725 0 10225152 0 3365 7150697846512
300002 6 323445 0 10494876 0 4847 7155956903913
300002 7 220659 0 11018070 0 5143 7166196797458
300002 9 26851 0 12076481 0 2700 7186859568111
300002 9 502403 0 12552040 0 2801 7196133921006
300002 10 115470 0 12790717 0 8397 7200790514573
300002 10 223940 0 12899188 0 5403 7202895567355
300002 10 574303 0 13249557 0 3636 7209742310734
300002 11 220732 0 13521724 0 3035 7215061858396
300002 12 299149 0 14225985 0 2542 7228834798602
300002 13 380060 0 14932793 0 5037 7242677030925
300003 0 243650 0 15879939 0 2798 7261177014606
300003 4 177785 0 1605087 0 2906 7308710750870
300003 4 330127 0 1757431 0 6518 7311694015054
300003 7 13391 0 3317695 0 4840 7342170252133
300003 7 151318 0 3455624 0 8348 7344868671233
300003 8 155721 0 4090945 0 2614 7356356437876
300003 9 238824 0 4801559 0 4796 7370238556339
300003 9 437133 0 4999871 0 8389 7374119225548
300003 10 403262 0 5591890 0 2794 7385694751734
300003 10 566392 0 5755022 0 3886 7388877397197
300003 11 487578 0 6302122 0 2713 7399575610109
300003 12 256098 0 6696676 0 2973 7407297102209
300003 13 116957 0 7183471 0 2860 7416832161764
300003 13 337984 0 7404501 0 4570 7421152631487
300003 14 146355 0 7838641 0 3129 7429627971471
300003 14 338956 0 8031245 0 3054 7433413024233
300004 0 600634 0 8788391 0 3139 7448196916824
300004 1 372765 0 9185403 0 3018 7455911483390
300004 2 171301 0 9609506 0 8298 7464160614362
300004 3 18190 0 10081775 0 3312 7473382260251
300004 4 373506 0 11062553 0 3588 7492581913617
300004 5 448069 0 11762823 0 7990 7506296183639
300004 6 239772 0 12180384 0 4674 7514467925829
300004 6 360696 0 12301310 0 2560 7516830337186
300004 6 603510 0 12544128 0 3744 7521582972410
300004 7 420971 0 12986908 0 2807 7530234567917
300004 8 63836 0 13255179 0 3421 7535493037899
300004 9 286563 0 14103617 0 3116 7552031635579
300004 9 423165 0 14240221 0 8380 7554713742197
300004 11 98395 0 15166743 0 8394 7572796612146
300004 11 585088 0 15653443 0 8283 7582313251525
300004 12 121176 0 15815070 0 8480 7585458671352
300004 12 374419 0 16068317 0 3182 7590407898361
300004 12 541900 0 16235800 0 4985 7593679941899
300004 13 336214 0 16655506 0 5595 7601874359832
300004 13 607287 0 214902 0 4504 7607167405500
300005 1 343617 0 1664319 0 4941 7635415380935
300005 2 296002 0 2242189 0 2786 7646699611022
300005 3 446264 0 3018471 0 8325 7661845066841
300005 5 230798 0 4055301 0 5899 7682084530360
300005 5 330482 0 4154987 0 2576 7684031597056
300005 6 168424 0 4618439 0 8372 7693084807001
300005 8 520337 0 6221640 0 2507 7724418054842
300005 9 552580 0 6879616 0 6006 7737292271580
300005 10 395217 0 7348451 0 3794 7746467285881
300005 10 476150 0 7429385 0 2845 7748047924192
300005 13 580448 0 9411218 0 2713 7786757613163
300005 14 81528 0 9537773 0 4783 7789244036522
300006 0 245020 0 10157119 0 3385 7801387667376
300006 1 412823 0 10957202 0 5198 7816053481777
300006 2 263391 0 11433212 0 2644 7825356523355
300006 3 599456 0 12395116 0 3776 7844165350020
300006 4 137204 0 12558585 0 3509 7847360303004
300006 4 393034 0 12814419 0 3195 7852342218039
300006 7 519650 0 14817483 0 4797 7891492735177
300006 8 230562 0 15153426 0 2910 7898067989525
300006 8 519512 0 15442380 0 8279 7903697341849
300006 10 115446 0 16288778 0 4269 7920189268781
300006 10 271136 0 16444470 0 2595 7923218619632
300006 11 523982 0 610829 0 8409 7940338620935
300006 13 301733 0 1638919 0 4017 7960409511174
300006 13 415644 0 1752831 0 3934 7962628927858
300006 14 15571 0 1978121 0 2804 7967039148688
300007 1 93795 0 3188083 0 3372 7990672283396
300007 1 373711 0 3468003 0 2968 7996134852448
300007 2 172242 0 3891987 0 2707 8004390428304
300007 2 483794 0 4203544 0 4201 8010484622506
300007 4 508566 0 5480151 0 3482 8035461905573
300007 6 52134 0 6275139 0 2775 8050961913926
300007 6 151232 0 6374239 0 4728 8052893559882
300007 6 317328 0 6540337 0 2515 8056141233871
300007 7 590831 0 7439563 0 2653 8073728438988
300007 9 463211 0 8563495 0 3155 8095719227226
300007 10 245942 0 8972442 0 4897 8103729548699
300007 10 389012 0 9115515 0 3562 8106525594414
300007 10 626110 0 9352616 0 3295 8111139449155
300007 11 589164 0 9942086 0 2664 8122640632286
300007 13 509135 0 11114778 0 4182 8145523875173
300007 14 365053 0 11596851 0 3213 8154975098446
300008 1 6375 0 12316713 0 4749 8169007550711
300008 1 269729 0 12580071 0 2508 8174146641487
300008 3 208398 0 13771104 0 4167 8197408188176
300008 4 296845 0 14485847 0 8431 8211367276724
300008 4 602942 0 14791948 0 3720 8217353233612
300008 6 338846 0 15779799 0 2877 8236688008023
300008 8 383832 0 371912 0 2627 8261534868723
300008 9 543701 0 1158305 0 2894 8276920384505
300008 10 340189 0 1580753 0 3398 8285187631637
300008 10 533533 0 1774100 0 3728 8288969479271
300008 11 184165 0 2051103 0 2639 8294375778044
300008 13 92794 0 3212235 0 3035 8317053378149
300008 13 447812 0 3567258 0 4330 8323967686750
300008 14 113404 0 3858757 0 8422 8329665091331
300008 14 455047 0 4200406 0 3891 8336346381591
300009 1 278131 0 5124344 0 3028 8354403499221
300009 2 181017 0 5653299 0 3903 8364733855637
300009 3 80965 0 6179328 0 4270 8375006469142
300009 3 542240 0 6640610 0 2976 8384001854739
300009 3 595284 0 6693655 0 2540 8385040368114
300009 4 315923 0 7040540 0 2700 8391843669263
300009 4 536136 0 7260756 0 2652 8396145279492
300009 6 142741 0 8118969 0 2523 8412867204822
300009 6 542145 0 8518379 0 4299 8420656772063
300009 9 15916 0 9869294 0 2577 8447032224061
300009 10 315185 0 10793799 0 3107 8465091274552
300009 11 427239 0 11531531 0 5319 8479517552897
300009 12 502627 0 12232659 0 3230 8493197299642
300009 13 567646 0 12923625 0 3239 8506690713108
300009 14 362277 0 13344079 0 4150 8514895770008
300010 0 169375 0 13610691 0 2916 8520087437866
300010 0 298662 0 13739980 0 3704 8522624493850
300010 0 513796 0 13955117 0 2816 8526845688406
300010 3 480250 0 15799413 0 4039 8562876141331
300010 5 208759 0 68591 0 4742 8582097981857
300010 5 322421 0 182254 0 3669 8584314671735
300010 6 233748 0 719373 0 2798 8594823843158
300010 8 284431 0 2021675 0 8321 8620266653822
300010 9 522068 0 2885363 0 5036 8637160142380
300010 11 587877 0 4202635 0 8104 8662948287660
300010 12 77202 0 4317394 0 3236 8665197269014
300010 13 180411 0 5046302 0 3894 8679455371713
300010 13 255462 0 5121354 0 2586 8680923789315
300010 14 325995 0 5817427 0 4349 8694518418091
300010 14 405745 0 5897178 0 3221 8696069373459
300011 2 236773 0 7432762 0 3579 8725136973523
300011 2 509684 0 7705677 0 3381 8730463948471
300011 3 431951 0 8253425 0 3060 8741160999262
300011 4 310865 0 8758162 0 8328 8751000199733
300011 4 575981 0 9023282 0 5637 8756164320281
300011 5 180220 0 9252867 0 4858 8760662599268
300011 6 467529 0 10166003 0 2797 8778517988270
300011 9 34786 0 11610235 0 2719 10655499140
300011 9 453931 0 12029386 0 8526 18852219920
300011 10 340501 0 12541559 0 5014 28867748063
300011 10 398662 0 12599721 0 2874 29997176529
300011 10 497915 0 12698975 0 2738 31921518204
300011 12 155153 0 13607793 0 4297 49705966114
300011 12 332188 0 13784831 0 2865 53161534784
300011 12 476541 0 13929186 0 2668 55990455672
300011 13 606244 0 14684854 0 4085 70740287143
300011 14 472311 0 15176997 0 2791 80323266753
300012 0 279786 0 15482366 0 2813 86284450196
300012 1 4606 0 15832480 0 3886 93137762215
300012 1 370102 0 16197982 0 4399 100284062355
300012 1 621764 0 16449648 0 3474 105207245223
300012 2 107111 0 16561269 0 3089 107384285680
300012 3 250615 0 619272 0 3045 122434592090
300012 4 432455 0 1427377 0 3680 138233232052
300012 5 396747 0 2018066 0 4619 149770639403
300012 6 79205 0 2326706 0 3053 155780653405
300012 6 581450 0 2828959 0 2838 165594576989
300012 7 365554 0 3238899 0 8454 173610983669
300012 11 90192 0 5467050 0 4089 217164710371
300012 11 478450 0 5855314 0 5366 224737423683
300012 11 551101 0 5927966 0 2829 226167872151
300012 14 328262 0 7583247 0 2537 258574100624
300012 14 432716 0 7687703 0 4767 260628409317
300013 1 512164 0 8837997 0 3023 283085840496
300013 2 73616 0 9025348 0 5700 286759617210
300013 3 387950 0 9965759 0 3168 305157136045
300013 4 358114 0 10561695 0 4413 316799870779
300013 5 355383 0 11185201 0 3096 329021125106
300013 6 433421 0 11889006 0 8521 342780349119
300013 6 615131 0 12070719 0 3914 346310863233
300013 7 329538 0 12410572 0 4766 352974205761
300013 8 74745 0 12788763 0 2630 359388958135
300013 10 165577 0 14133831 0 2606 385683913451
300013 12 72081 0 15293913 0 2940 408372504958
300013 13 238612 0 16087258 0 3165 423865099979
300014 0 2785 0 253626 0 6199 441003780997
300014 0 537390 0 788240 0 3108 451453836984
300014 2 543289 0 2045571 0 2734 476015417894
300014 3 344132 0 2472382 0 2975 484334788811
300014 4 150629 0 2904787 0 2713 492806058078
300014 6 89908 0 4096636 0 3185 516102794491
300014 7 372836 0 5005677 0 5785 533878820310
300014 8 47077 0 5305635 0 8252 539740155574
300014 8 569944 0 5828510 0 3618 549981028920
300014 10 53906 0 6563635 0 3272 564318227191
300014 12 53000 0 7813726 0 3128 588728724979
300014 13 335414 0 8722983 0 6733 606468337602
300014 14 414644 0 9427994 0 2934 620255840092
300015 1 379199 0 10470582 0 3667 640638292063
300015 3 231747 0 11575207 0 3077 662229240824
300015 4 376332 0 12345679 0 5112 677304861762
300015 5 229340 0 12824243 0 3685 686641500688
300015 7 470506 0 14317558 0 2504 715849581815
300015 8 358374 0 14831515 0 5383 725886292986
300015 10 56818 0 15782334 0 3267 744425917819
300015 10 377567 0 16103088 0 4099 750681765787
300015 12 33277 0 299709 0 3180 768454299084
300015 13 97071 0 989205 0 4696 781943020662
300015 14 116748 0 1634649 0 2911 794549572951
300016 0 188234 0 2155870 0 4128 804734712272
300016 1 42105 0 2641810 0 5212 813283822666
300016 2 46688 0 3271518 0 2587 825576412333
300016 3 396472 0 4246882 0 3565 844617395122
300016 3 460203 0 4310614 0 5280 845857925301
300016 4 497288 0 4972771 0 3064 858746798905
300016 6 58112 0 5784907 0 4804 874581380685
300016 7 206363 0 6559465 0 2875 889733113230
300016 8 391513 0 7370489 0 4714 905612952236
300016 9 407664 0 8012482 0 2775 918167598895
300016 11 56328 0 8912737 0 2581 935746878273
300016 11 134721 0 8991132 0 4706 937272677232
300016 12 498798 0 9981897 0 2623 956612043858
300016 14 244324 0 10978863 0 3813 976106217952
300017 0 110680 0 11345294 0 4814 983280624270
300017 0 485757 0 11720376 0 3049 990605926932
300017 1 468613 0 12328450 0 4058 1002482632166
300017 3 152685 0 13263835 0 2506 1020764642582
300017 5 409866 0 14772327 0 5110 1050237732222
300017 5 567188 0 14929651 0 3865 1053300937786
300017 6 420171 0 15408421 0 2764 1062653904223
300017 13 330150 0 2987260 0 2669 1146507020863
300017 13 438829 0 3095941 0 2978 1148638003803
300017 14 308301 0 3590927 0 2893 1158322263906
300018 0 127031 0 3864004 0 4183 1163645445282
300018 0 202100 0 3939075 0 4564 1165117255036
300018 1 31717 0 4393852 0 4477 1174020106968
300018 1 173126 0 4535263 0 2985 1176774406234
300018 2 49877 0 5037465 0 2619 1186595014743
300018 2 623117 0 5610714 0 3215 1197812866801
300018 3 617897 0 6230984 0 8206 1209952888733
300018 4 136177 0 6374736 0 2915 1212759262094
300018 4 192347 0 6430907 0 2551 1213851709255
300018 4 339267 0 6577829 0 5237 1216728061397
300018 5 336875 0 7200883 0 2924 1228909131659
300018 7 22426 0 8138107 0 4831 1247216235642
300018 7 221691 0 8337375 0 8166 1251101476132
300018 8 529192 0 9277900 0 2725 1268484637612
300018 9 370216 0 9744363 0 4960 1277604315775
300018 12 274133 0 11525270 0 8157 1312427437438
300018 12 329907 0 11581045 0 2797 1313520751600
300018 12 616021 0 11867164 0 8347 1319139177073
300018 13 328528 0 12204907 0 5906 1325733381309
300018 13 548272 0 12424654 0 2975 1330026719603
300018 13 600625 0 12477008 0 2615 1331045660303
300018 14 69539 0 12571336 0 8424 1332879936399
300019 0 225466 0 13225411 0 3204 1345642788631
300019 1 274467 0 13899149 0 5685 1358823853166
300019 1 346919 0 13971602 0 8302 1360247659097
300019 4 54552 0 15556516 0 4850 1391194654554
300019 4 352767 0 15854735 0 2535 1397030516117
300019 5 421896 0 16549620 0 3260 1410642954534
300019 7 286174 0 953828 0 4850 1432424601441
300019 7 449549 0 1117206 0 2843 1435607242787
300019 11 143439 0 3314657 0 5775 1478541122461
300019 11 457374 0 3628597 0 2617 1484689540027
300019 13 505501 0 4928544 0 3462 1510059339476
300019 14 234268 0 5282564 0 2659 1516979397651
300020 0 476352 0 5979716 0 8421 1530592905149
300020 1 332695 0 6461554 0 2684 1539994088234
300020 3 540551 0 7921672 0 4902 1568555829656
300020 4 94085 0 8100980 0 2701 1572033177832
300020 6 158973 0 9417049 0 6582 1597758466224
300020 6 357545 0 9615624 0 2616 1601638887404
300020 6 502992 0 9761073 0 2748 1604473775619
300020 7 251337 0 10134613 0 2606 1611735237402
300020 8 123588 0 10632684 0 2846 1621487065913
300020 8 512530 0 11021632 0 5721 1629087556184
300020 10 17041 0 11777669 0 3589 1643820871329
300020 13 90145 0 13728557 0 4378 1681886061663
300020 14 19427 0 14284263 0 3868 1692723384505
300020 14 351323 0 14616165 0 2617 1699215800921
300021 0 63890 0 14789638 0 8533 1702578612655
300021 0 298455 0 15024207 0 6129 1707013606277
300021 1 220565 0 15579057 0 4368 1717107841147
300021 3 22815 0 16634152 0 3022 1737734015697
300021 3 588119 0 487784 0 4178 1748737398648
300021 4 496168 0 1022160 0 3133 1759197165064
300021 6 502443 0 2280983 0 4917 1783797699879
300021 7 245119 0 2649678 0 2560 1791006855511
300021 8 231879 0 3262118 0 3352 1802992317255
300021 9 165686 0 3821622 0 7819 1813921729159
300021 9 329866 0 3985804 0 2930 1817152498249
300021 10 43581 0 4325163 0 8168 1823796384846
300021 10 146054 0 4427638 0 2815 1825797154154
300021 10 271640 0 4553226 0 3517 1828267628698
300021 11 435952 0 5343006 0 2505 1843705151919
300021 11 535074 0 5442129 0 2888 1845638774304
300021 12 48345 0 5580926 0 2581 1848337615918
300021 14 208607 0 6992496 0 5277 1875912187794
300022 1 616554 0 8515328 0 5131 1905629345632
300022 2 199303 0 8723609 0 3193 1909674341309
300022 2 593715 0 9118027 0 3492 1917370642603
300022 3 222271 0 9372068 0 2714 1922311553480
300022 5 109783 0 10510889 0 3997 1944533875386
300022 6 132610 0 11159104 0 5092 1957176926733
300022 6 323204 0 11349701 0 3575 1960888112706
300022 7 153140 0 11805089 0 4353 1969773871720
300022 8 11003 0 12288304 0 3690 1979212659885
300022 8 237073 0 12514377 0 3137 1983616530693
300022 10 55781 0 13584852 0 3440 2004528266825
300022 10 563826 0 14092905 0 2899 2014404322047
300022 11 165502 0 14322827 0 5040 2018865107019
300022 11 424095 0 14581424 0 4273 2023941933398
300022 12 294201 0 15077070 0 3233 2033625046031
300022 13 154715 0 15563648 0 2779 2043140280731
300022 13 623240 0 16032180 0 4059 2052279113907
300023 0 507714 0 296039 0 2996 2071333324389
300023 1 75075 0 488546 0 5221 2075084954262
300023 2 52379 0 1091379 0 3352 2086870802110
300023 2 389085 0 1428090 0 4173 2093456049777
300023 2 593867 0 1632875 0 2567 2097450099218
300023 4 561773 0 2852364 0 7979 2121312699757
300023 5 192460 0 3108839 0 2844 2126043006278
300023 6 513587 0 4064937 0 8404 2144702518265
300023 7 387241 0 4564520 0 3009 2154466196925
300023 9 72895 0 5509944 0 2838 2171981014739
300023 9 352937 0 5789990 0 4822 2177458869434
300023 9 598464 0 6035521 0 3499 2182261204901
300023 10 268166 0 6331340 0 2923 2188048335616
300023 10 367032 0 6430208 0 8378 2189985019315
300023 11 75710 0 6764681 0 2623 2196531427584
300023 11 220311 0 6909284 0 8355 2199368267876
300023 12 443769 0 7758409 0 5069 2215965200567
300023 14 252402 0 8818810 0 8315 2236664949122
300024 0 172356 0 9238046 0 3280 2244879991303
300024 0 311674 0 9377367 0 5239 2247612372899
300024 2 293054 0 10622846 0 2748 2271449463249
300024 4 64905 0 11649925 0 8320 2291388534707
300024 4 241041 0 11826064 0 3168 2294828292445
300024 4 463413 0 12048439 0 5136 2299161891656
300024 6 363296 0 13199544 0 2655 2321602286411
300024 7 510245 0 13972431 0 8300 2336705600977
300024 7 592678 0 14054865 0 3320 2338316388607
300024 8 250168 0 14338218 0 5648 2343848407883
300024 9 265452 0 14979233 0 2520 2356337376711
300024 10 191032 0 15530349 0 4705 2367076026252
300024 11 248199 0 16213245 0 2661 2380450769172
300024 12 225748 0 104859 0 2896 2392225858475
300024 12 491064 0 370179 0 5071 2397331628207
300024 13 536924 0 1044246 0 2674 2410466441267
300025 0 378649 0 1990489 0 2743 2428921706413
300025 1 413653 0 2650555 0 5374 2441826430117
300025 1 492176 0 2729079 0 2949 2443360427423
300025 3 114631 0 3603434 0 4563 2460464789251
300025 3 397402 0 3886210 0 3099 2466006620281
300025 4 380652 0 4494627 0 5247 2477894730867
300025 6 543872 0 5909012 0 3427 2505467338206
300025 7 355680 0 6348266 0 4893 2514043109067
300025 7 562157 0 6554747 0 2685 2518084341846
300025 11 304736 0 8799543 0 3054 2561925505896
300025 12 554062 0 9674623 0 2689 2579011790029
300025 14 200923 0 10572590 0 2983 2596535534416
300025 14 368927 0 10740596 0 6276 2599830967195
300025 14 425166 0 10796836 0 4560 2600937921494
300026 0 185789 0 11017320 0 8281 2605233064982
300026 1 69985 0 11533315 0 2575 2614353910042
300026 2 529097 0 12618175 0 3388 2635525183824
300026 3 171027 0 12885843 0 5318 2640728476349
300026 4 94344 0 13434666 0 2519 2651340470421
300026 6 192315 0 14786178 0 5062 2677823742699
300026 7 467154 0 15686530 0 3369 2695419772124
300026 9 38078 0 16508819 0 2575 2711481404416
300026 9 517509 0 276577 0 5007 2720862881748
300026 10 283575 0 668054 0 2617 2728513519649
300026 11 116980 0 1126927 0 8350 2737478766136
300026 12 524446 0 2160147 0 8528 2757669592437
300026 13 7708 0 2271150 0 5615 2759800980335
300026 14 300180 0 3189703 0 3769 2777668815318
300027 0 373867 0 3768323 0 3100 2788976779962
300027 0 482709 0 3877167 0 4974 2791096972628
300027 2 2287 0 4648288 0 2872 2806179924267
300027 2 220247 0 4866252 0 4786 2810427593104
300027 2 384568 0 5030575 0 4110 2813641186727
300027 3 2582 0 5274616 0 3134 2818410854895
300027 3 349796 0 5621835 0 2585 2825202204956
300027 3 437560 0 5709601 0 3616 2826916473504
300027 4 295572 0 6193602 0 3230 2836342328390
300027 5 320100 0 6844215 0 5156 2849069763705
300027 7 96327 0 7873295 0 3163 2869181031558
300027 7 172596 0 7949565 0 2685 2870688360676
300027 7 545776 0 8322750 0 8239 2877956646707
300027 8 468209 0 8871471 0 5122 2888680755283
300027 9 234477 0 9263815 0 4090 2896353508792
300027 9 578915 0 9608258 0 2539 2903093524185
300027 12 109383 0 11016978 0 5114 2930599552549
300027 13 247348 0 11780737 0 5662 2945501516252
300027 14 268868 0 12428078 0 3478 2958121733794
300028 1 175252 0 13413594 0 2977 2977355436610
300028 1 240512 0 13478855 0 4929 2978631430672
300028 4 296466 0 15412196 0 3434 3016295515944
300028 5 25121 0 15766949 0 5318 3023222153212
300028 5 93839 0 15835668 0 3424 3024562580081
300028 7 224665 0 517330 0 3168 3051433138320
300028 7 324364 0 617031 0 8420 3053377692311
300028 8 471015 0 1396515 0 5341 3067661182003
300028 9 530151 0 2080983 0 3182 3081073122646
300028 10 391466 0 2567779 0 3974 3090584871904
300028 11 11627 0 2813639 0 3117 3095397852328
300028 11 168277 0 2970292 0 4751 3098461897124
300028 11 474398 0 3276417 0 4303 3104459121756
300029 0 479780 0 5666329 0 3548 3151146064858
300029 1 110065 0 5921769 0 8413 3156071123045
300029 1 368887 0 6180595 0 2927 3161137091404
300029 2 154097 0 6592751 0 5879 3169186881853
300029 2 398736 0 6837394 0 8517 3173969912072
300029 3 148827 0 7213055 0 3023 3181340439935
300029 4 150254 0 7840437 0 4996 3193641986841
300029 5 312558 0 8628208 0 3220 3208871378499
300029 6 357352 0 9305019 0 4288 3222099534505
300029 7 383652 0 9957053 0 3636 3234842137086
300029 8 315194 0 10514089 0 2925 3245708163995
300029 9 513678 0 11338142 0 2897 3261786468870
300029 10 424315 0 11874673 0 4160 3272275972439
300029 11 201869 0 12277833 0 5799 3280153996867
300029 12 46155 0 12747739 0 2833 3289323580511
300029 12 499619 0 13201210 0 3249 3298178043695
300029 14 35936 0 13989063 0 5032 3313582598263
300030 0 236749 0 14651371 0 3367 3326468825997
300030 0 449482 0 14864107 0 3228 3330625460384
300030 1 332222 0 15371783 0 4649 3340525479071
300030 1 624329 0 15663895 0 2871 3346227567797
300030 2 132359 0 15797701 0 3634 3348823408134
300030 3 57973 0 16349365 0 3093 3359602007669
300030 4 504749 0 710148 0 3043 3380528949866
300030 5 227608 0 1058825 0 4966 3387314885891
300030 5 567329 0 1398551 0 2723 3393960953177
300030 6 406041 0 1863284 0 3018 3403017188230
300030 6 618442 0 2075688 0 4339 3407175407419
300030 7 470680 0 2553675 0 2917 3416500545393
300030 9 197510 0 3532569 0 3066 3435619705827
300030 9 435983 0 3771046 0 4575 3440281922139
300030 11 254701 0 4842133 0 3508 3461138580428
300030 12 209444 0 5423001 0 2946 3472525482341
300030 12 425558 0 5639119 0 4707 3476760189974
300030 14 70358 0 6536362 0 3398 3494323897531
300031 0 179447 0 7103249 0 5712 3505428582485
300031 0 287513 0 7211317 0 3344 3507256071718
300031 1 225710 0 7782379 0 3464 3517763378174
300031 2 549612 0 8732087 0 4479 3536312781882
300031 3 181651 0 8990286 0 2842 3541346765546
300031 4 269769 0 9704682 0 8136 3555301732209
300031 5 149569 0 10210612 0 3215 3565178915312
300031 6 530625 0 11217837 0 2731 3584835137754
300031 8 176843 0 12116964 0 6127 3602379685438
300031 8 363130 0 12303254 0 2981 3606021275555
300031 9 427175 0 12993150 0 3198 3619476970805
300031 10 576887 0 13768870 0 5420 3634591483367
300031 11 29322 0 13847365 0 2678 3636123346367
300031 12 520618 0 14964837 0 2802 3658011139841
300031 13 417784 0 15488200 0 2801 3668240599779
300031 13 588122 0 15658540 0 5228 3671573882254
300032 1 335662 0 439196 0 4540 3700748432283
300032 1 542467 0 646004 0 3331 3704788797254
300032 3 519028 0 1874830 0 4940 3728763116165
300032 3 625011 0 1980815 0 3731 3730831267366
300032 4 622169 0 2603679 0 3142 3743015543864
300032 7 425161 0 4283969 0 3404 3775903040392
300032 8 447442 0 4932859 0 5922 3788589512505
300032 9 201323 0 5312664 0 2678 3796010850095
300032 9 389299 0 5500642 0 3230 3799673300750
300032 10 19426 0 5756601 0 8292 3804673635450
300032 10 625308 0 6362493 0 4674 3816530401452
300032 11 138004 0 6501074 0 3555 3819237595612
300032 11 220997 0 6584068 0 4924 3820862454677
300032 13 472826 0 8088096 0 4509 3850257982934
300033 0 168550 0 8857562 0 2693 3865304302840
300033 1 27210 0 9341290 0 4315 3874768036971
300033 1 542918 0 9857006 0 2897 3884875261257
300033 2 550682 0 10490510 0 3140 3897251401178
300033 3 230478 0 10795968 0 2701 3903204916154
300033 4 216544 0 11407589 0 3740 3915180775305
300033 4 579520 0 11770570 0 4969 3922289235043
300033 5 390357 0 12206916 0 2716 3930823136086
300033 6 66533 0 12508492 0 3384 3936718988681
300033 6 571507 0 13013474 0 4101 3946586750188
300033 7 447592 0 13515145 0 3626 3956391462277
300033 9 419756 0 14750789 0 2817 3979404934489
300033 10 371011 0 15327984 0 4681 3990657201813
300033 11 257203 0 15839988 0 2802 4000639224496
300033 11 579418 0 16162208 0 3217 4006929079421
300033 12 487332 0 16695817 0 7701 4017340182703
300033 13 111613 0 234240 0 2564 4022232130907
300033 14 80246 0 828825 0 3265 4033816414780
300033 14 413884 0 1162468 0 8434 4040358460118
300034 0 314106 0 1564680 0 2977 4048205263967
300034 2 97327 0 2598812 0 3160 4068406262493
300034 3 77696 0 3205153 0 4838 4080251516516
300034 3 224349 0 3351809 0 3413 4083103082393
300034 3 282067 0 3409528 0 2781 4084234762272
300034 4 225479 0 3979032 0 3112 4095349465127
300034 4 480583 0 4234140 0 3529 4100347179572
300034 7 121860 0 5753617 0 3599 4130090937090
300034 7 394220 0 6025981 0 2594 4135410280881
300034 8 354714 0 6613585 0 2531 4146885946018
300036 0 431339 0 431346 0 8337 4160297878093
300036 1 295519 0 920726 0 2624 4169865427182
300036 1 521313 0 1146523 0 2747 4174276065218
300036 2 231524 0 1482560 0 5701 4180851864494
300036 3 538972 0 2415887 0 8273 4199093228496
300036 5 323532 0 3452354 0 5107 4219320745367
300036 7 287668 0 4668776 0 2892 4243067304485
300036 7 400245 0 4781354 0 2892 4245261911811
300036 9 446113 0 6083746 0 3471 4270644507407
300036 11 224511 0 7114223 0 4933 4290727171836
300036 12 556020 0 8071583 0 3514 4309426375316
300036 14 301513 0 9069095 0 8403 4328936882004
300036 14 410462 0 9178046 0 5478 4331068207958
300037 1 578108 0 10426505 0 5201 4355404418666
300037 2 523504 0 10998094 0 3568 4366557059295
300037 3 300351 0 11401103 0 2559 4374413861340
300037 4 272328 0 11999738 0 2906 4386117390893
300037 4 449170 0 12176582 0 5134 4389578993568
300037 5 453543 0 12806694 0 3378 4401907703515
300037 6 585131 0 13564213 0 2842 4415759936765
300037 8 187551 0 14426072 0 5332 4432611382452
300037 8 462356 0 14700881 0 3911 4438007790143
300037 9 33180 0 14898359 0 2749 4441862485633
300037 9 260526 0 15125708 0 2705 4446312809750
300037 10 334056 0 15826120 0 3280 4459992244566
300037 12 212418 0 247318 0 5404 4482137157105
300037 12 306990 0 341892 0 2711 4483981727659
300037 13 142039 0 804059 0 2902 4493020330849
300038 0 411894 0 2185093 0 3636 4520030770206
300038 1 53928 0 2454188 0 5948 4525292439319
300038 1 543883 0 2944150 0 2531 4534849726447
300038 2 348757 0 3376824 0 3460 4543296826801
300038 4 357455 0 4640358 0 3478 4567939375694
300038 4 496833 0 4779738 0 5313 4570661191297
300038 5 238888 0 5149274 0 2709 4577883991352
300038 7 379293 0 6544272 0 3469 4605143666440
300038 8 84474 0 6876467 0 5054 4611623132605
300038 9 269479 0 7688852 0 3778 4627458130220
300038 10 528537 0 8575492 0 4959 4644782580437
300038 11 279446 0 8953798 0 3094 4652201619104
300038 12 254024 0 9555691 0 3454 4663984817102
300038 13 221592 0 10150227 0 4556 4675615705503
300038 14 88811 0 10644282 0 3030 4685262797507
300039 0 547691 0 11540545 0 3526 4702766842183
300039 0 607214 0 11600069 0 2516 4703922890829
300039 1 433943 0 12053572 0 4557 4712781335119
300039 3 86625 0 12960872 0 4028 4730472919369
300039 4 471727 0 13973252 0 3427 4750255143310
300039 5 166768 0 14295519 0 3133 4756577353558
300039 5 328949 0 14457702 0 5192 4759738435167
300039 6 443150 0 15198794 0 3113 4774206632447
300039 7 620660 0 16003671 0 4738 4789933209442
300039 8 113656 0 16124161 0 4317 4792290098340
300039 8 289428 0 16299935 0 3153 4795724848282
300039 9 368209 0 294232 0 3580 4809528368324
300039 10 94113 0 647480 0 2943 4816451714397
300039 11 446257 0 1626830 0 3400 4835591155021
300039 12 148305 0 1956033 0 3170 4842028453511
300039 12 408994 0 2216726 0 2660 4847129203718
300039 12 485288 0 2293021 0 2677 4848625597321
300039 13 276227 0 2711259 0 4858 4856709566014
300039 14 168291 0 3237971 0 3362 4866189634681
300040 0 29712 0 3569179 0 4830 4872678239005
300040 3 87107 0 5508660 0 3847 4910544916832
300040 4 283484 0 6332408 0 5758 4926640254782
300040 5 256555 0 6933112 0 4572 4938372931290
300040 5 627678 0 7304241 0 3078 4945510743055
300040 7 210841 0 8147322 0 4993 4961946070459
300040 7 338386 0 8274869 0 3607 4964434962793
300040 10 116812 0 9935594 0 3170 4996822144915
300040 10 438031 0 10256818 0 3278 5003110061451
300040 12 275202 0 11348418 0 2727 5024397223330
300040 12 515013 0 11588232 0 3260 5029078610793
300040 13 56795 0 11756103 0 8337 5032350423519
300040 13 505302 0 12204617 0 2530 5041104391910
300040 13 584096 0 12283412 0 5903 5042641291842
300041 1 222452 0 13620701 0 3679 5068760123915
300041 2 376568 0 14402112 0 2654 5083978594075
300041 3 289175 0 14942251 0 5708 5094533571940
300041 3 539788 0 15192867 0 3422 5099455255836
300041 5 185730 0 16093604 0 8186 5117047670635
300041 6 99294 0 16634901 0 5029 5127621073710
300041 6 352693 0 176623 0 3563 5132554301851
300041 7 149921 0 601193 0 4652 5140841460135
300041 7 584855 0 1036133 0 2903 5149351584422
300041 10 92884 0 2426123 0 5054 5176572044287
300041 10 231179 0 2564420 0 2787 5179264106608
300041 12 269740 0 3857021 0 3348 5204510556420
300041 14 189154 0 5031737 0 8204 5227439993631
300042 1 403648 0 6305135 0 6239 5252335481752
300042 2 268345 0 6796908 0 8565 5261913882569
300042 2 451384 0 6979950 0 3189 5265490181324
300042 4 550706 0 8333558 0 3458 5291948273599
300042 6 554077 0 9590842 0 2852 5315558054334
300042 7 217493 0 9888616 0 4796 5321352880755
300042 7 419410 0 10090536 0 3609 5325292051368
300042 9 272078 0 11195610 0 3397 5346863287991
300042 10 373256 0 11922658 0 2946 5361093399876
300042 11 143527 0 12319110 0 5336 5368855728966
300042 11 502575 0 12678164 0 2793 5375879114578
300042 13 160646 0 13589073 0 8288 5393662384654
300042 13 296366 0 13724795 0 4851 5396319877314
300042 14 22395 0 14076784 0 3175 5403163797621
300043 1 239771 0 15406353 0 2813 5429140015301
300043 3 428765 0 136549 0 3508 5457288672617
300043 4 498463 0 833071 0 3432 5470957707204
300043 5 132621 0 1093500 0 6038 5476021165784
300043 6 104301 0 1691398 0 4258 5487724939708
300043 7 78289 0 2291152 0 2980 5499449561999
300043 9 271003 0 3735416 0 5103 5527686407647
300043 9 344115 0 3808530 0 3034 5529122740697
300043 11 78559 0 4794080 0 8056 5548374892227
300043 11 314887 0 5030411 0 8470 5553005540191
300043 11 374246 0 5089771 0 2851 5554172963850
300043 12 97284 0 5438311 0 5004 5560997993872
300043 14 356984 0 6949360 0 3006 5590545004508
300044 1 297605 0 7962358 0 3117 5610346726028
300044 4 84787 0 9627017 0 3800 5642907588833
300044 4 325891 0 9868125 0 6424 5647610546684
300044 4 540843 0 10083080 0 3406 5651818846796
300044 5 434332 0 10602647 0 4156 5661992092298
300044 6 179706 0 10974585 0 3134 5669257155050
300044 6 515660 0 11310544 0 6359 5675811879579
300044 7 127707 0 11548388 0 3269 5680437437467
300044 8 372005 0 12418884 0 3450 5697470048135
300044 9 233069 0 12905781 0 3271 5706993081736
300044 11 99673 0 14024764 0 2542 5728861992917
300044 11 559777 0 14484875 0 2618 5737859117544
300044 12 184395 0 14735275 0 7788 5742751225500
300044 12 321481 0 14872363 0 5807 5745433480779
300044 12 384083 0 14934966 0 8315 5746651210871
300044 13 182183 0 15359248 0 3225 5754969546791
300045 0 90491 0 16388415 0 8309 5774129750617
300045 0 183460 0 16481385 0 5758 5775938924632
300045 0 557890 0 144140 0 3345 5783264374161
300045 2 31108 0 869476 0 2527 5797434528403
300045 3 75524 0 1540830 0 8054 5810570119408
300045 3 171669 0 1636976 0 5088 5812454368368
300045 4 162892 0 2254814 0 3181 5824510106209
300045 5 450842 0 3169542 0 3244 5842373075363
300045 7 405020 0 4377182 0 4797 5866001513611
300045 8 598002 0 5197402 0 3208 5882005492004
300045 9 318466 0 5544874 0 8231 5888821548855
300045 10 466497 0 6319960 0 2674 5903972496035
300045 12 271014 0 7378600 0 7716 5924634303736
300045 12 358512 0 7466099 0 2695 5926338620284
300046 0 185170 0 8983142 0 8352 5956053517994
300046 0 585303 0 9383281 0 3519 5963891821042
300046 2 114086 0 10165635 0 3167 5979220039109
300046 2 491587 0 10543141 0 3128 5986570170280
300046 3 362276 0 11041289 0 6194 5996327077876
300046 3 451164 0 11130178 0 8443 5998063657697
300046 4 26332 0 11332816 0 3157 6002026045739
300046 5 325320 0 12259426 0 3157 6020149011423
300046 7 104682 0 13293808 0 3421 6040388960879
300046 7 543888 0 13733021 0 5734 6049003473380
300046 8 601178 0 14418011 0 3220 6062385776084
300046 9 422857 0 14867159 0 8308 6071178593160
300046 10 124740 0 15196670 0 3483 6077620720972
300046 11 51727 0 15751041 0 7619 6088438009597
300046 11 333864 0 16033182 0 3220 6093965763451
300046 12 115862 0 16442823 0 3526 6101962308322
300046 13 439592 0 682594 0 5312 6120546055461
300046 14 159872 0 1030292 0 8402 6127339522317
300047 0 518156 0 1812188 0 3322 6142603391168
300047 2 60758 0 2606929 0 3217 6158139224525
300047 3 35590 0 3208849 0 8377 6169933010420
300047 3 176409 0 3349671 0 3682 6172681512730
300047 3 331186 0 3504450 0 6010 6175711503522
300047 3 510239 0 3683506 0 2826 6179225937420
300047 5 305833 0 4733145 0 3251 6199764402019
300047 6 44280 0 5098679 0 4401 6206762078950
300047 6 200322 0 5254724 0 2689 6209009062980
300047 6 278362 0 5332765 0 8288 6210527268050
300047 6 378175 0 5432578 0 2798 6212473075268
300047 7 252380 0 5940750 0 2819 6222398068018
300047 8 477817 0 6792814 0 3136 6239025620222
300047 9 114911 0 7056743 0 2591 6244172502002
300047 10 109971 0 7678734 0 5351 6256346517234
300047 11 99298 0 8295411 0 3186 6268419543502
300047 12 483055 0 9306791 0 3293 6288179459822
300047 13 487034 0 9938130 0 5194 6300510420579
300047 14 134157 0 10212779 0 3137 6305894328495
300048 2 539110 0 12344829 0 3413 6347582517701
300048 3 111361 0 12542889 0 8213 6351437975106
300048 4 48548 0 13107625 0 5773 6362510882834
300048 8 60821 0 15627635 0 6185 6411785285276
300048 8 456038 0 16022858 0 3811 6419503597601
300048 10 112292 0 221336 0 3130 6437263867666
300048 10 179948 0 288993 0 2875 6438589662320
300048 10 427418 0 536467 0 2534 6443426751966
300048 10 565971 0 675022 0 2750 6446139721735
300048 11 518483 0 1254705 0 5170 6457459374158
300048 12 311914 0 1675591 0 2649 6465690092786
300048 12 579208 0 1942889 0 8396 6470919780263
300048 13 552458 0 2543327 0 8401 6482689528411
300048 14 79985 0 2698136 0 3422 6485732289339
300049 0 400213 0 3448574 0 4885 6500406081590
300049 1 568172 0 4243498 0 8365 6515937024575
300049 2 108859 0 4411325 0 7923 6519233360680
300049 2 177850 0 4480317 0 2806 6520576125557
300049 3 433321 0 5363234 0 3539 6537834457203
300049 5 480906 0 6665285 0 3423 6563247464468
300049 6 191553 0 7003422 0 3286 6569835828500
300049 6 482185 0 7294059 0 3663 6575487025673
300049 7 593825 0 8032992 0 6300 6589966600454
300049 8 464854 0 8531062 0 2519 6599705304504
300049 9 404339 0 9098138 0 2510 6610800301847
300049 10 518400 0 9839419 0 2722 6625302183496
300049 11 303703 0 10252459 0 3553 6633361459091
300049 12 116835 0 10692849 0 5688 6641962063064
300050 0 67279 0 12376760 0 8407 6673944369651
300050 0 267509 0 12576993 0 5073 6677853952189
300050 1 293251 0 13229943 0 3076 6690642756689
300050 4 336633 0 15154534 0 3172 6728284679313
300050 6 172187 0 16242500 0 5887 6749548777527
300050 6 315431 0 16385747 0 3162 6752337391294
300050 8 225198 0 836426 0 3004 6775012352683
300050 9 353373 0 1591049 0 5565 6789757366517
300050 10 161598 0 2025527 0 3332 6798265215967
300050 11 599145 0 3089705 0 2623 6819037311743
300050 13 168074 0 3912101 0 5783 6835092924107
